1.067859669945904
1.0546954228922993
1.0611391426883041
1.0622924721400955
1.0672574414905704
1.0745882891125345
1.0740621920758955
1.0764992193957204
1.0841883897208355
1.0821438438161892
1.0817549195815475
1.0869996768385577
1.0824495617566543
1.083111213235294
1.091207622219139
1.086107842458642
1.088154397318849
1.089611108548231
1.0884120965504487
1.090202968237089
1.083003679852806
1.0884542470060572
1.0998995397518865
1.0929929183749536
1.0767002030433692
1.0710885504794134
1.0755093706039842
1.0763584301070381
1.0707057107595648
1.0677501337613697
1.0761082248161393
1.0725908230415577
1.0701105356382146
1.063691855284263
1.0679995507132427
1.0661441020573175
1.0637993152370935
1.0591001270251599
1.0585928747479274
1.0551491151531422
1.0605958403597526
1.0642037465414795
1.0624517067406027
1.0610044879456937
1.0628598523335366
1.0657101930379027
1.0536010397526105
1.0559112634141943
1.0581032846880225
1.0670067872272582
1.071152923983285
1.0677946854417444
1.0616977038510214
1.064702954617438
1.0675050985723995
1.074711197529452
1.0787033841765015
1.0884889911883007
1.072447533263225
1.076703892642125
1.0812009237875289
1.0833121372580756
1.087308040796413
1.088997065262962
1.0842522238695331
1.0917045852292615
1.0950887947776036
1.0899077452187855
1.0915401099413027
1.0907099750681548
1.0924074637698125
1.1015038484310242
1.1058941058941059
1.096542911904593
1.098099689212593
1.095492851055771
1.097206358271464
1.0960100937961246
1.1007994272759813
1.1039880909505628
1.1041942392376736
1.105293565393226
1.0990587502694416
1.0972909643019393
1.1040026957421716
1.1026867249831778
1.1035907597138992
1.0979115095291885
1.0952518539921026
1.092842999951707
1.091406887938902
1.0869125090383225
1.0891627049577957
1.08290767154973
1.0817095566314483
1.0788053170998502
1.0808958716363029
1.0803910265648267
1.0776946575902628
1.072296042291756
1.0732042888319575
1.0724534735047593
1.0704985559395863
1.0661904650015275
1.0687044505766647
1.0774407560317878
1.0695871986263803
1.0700123915737298
1.0693055124501636
1.0763509447586956
1.0776555175010323
1.080696928014672
1.0802551155992557
1.0832463655559061
1.0950018420729462
1.0928466076696168
1.093790044356826
1.0925014760873843
1.0993057277460947
1.084953415009904
1.0892079962625094
1.0939947135693289
1.0953117709177533
1.091496865203762
